 1.00000000e+00 3.50819601e-01
 1.37500000e+00 3.19100162e-01
 1.75000000e+00 2.85318522e-01
 2.12500000e+00 2.53426778e-01
 2.50000000e+00 2.22643005e-01
 2.87500000e+00 1.94172717e-01
 3.25000000e+00 1.68894420e-01
 3.62500000e+00 1.45757000e-01
 4.00000000e+00 1.25959052e-01
 4.37500000e+00 1.09536651e-01
 4.75000000e+00 9.70788602e-02
 5.12500000e+00 8.73205262e-02
 5.50000000e+00 7.87734132e-02
 5.87500000e+00 7.23298565e-02
 6.25000000e+00 6.71456618e-02
 6.62500000e+00 6.28776303e-02
 7.00000000e+00 5.77787101e-02
 7.37500000e+00 5.55055429e-02
 7.75000000e+00 5.28809946e-02
 8.12500000e+00 4.88839080e-02
 8.50000000e+00 4.70355784e-02
 8.87500000e+00 4.52738270e-02
 9.25000000e+00 4.27199163e-02
 9.62500000e+00 3.99435929e-02
 1.00000000e+01 3.88201029e-02
