 1.00000000e+00 -2.28589713e-04
 1.37500000e+00 1.87719023e-04
 1.75000000e+00 8.83232847e-06
 2.12500000e+00 3.23092947e-04
 2.50000000e+00 -8.84759799e-04
 2.87500000e+00 1.87025323e-04
 3.25000000e+00 -1.02553263e-04
 3.62500000e+00 -2.77717302e-04
 4.00000000e+00 -4.24365399e-04
 4.37500000e+00 7.32143909e-04
 4.75000000e+00 -1.64730534e-04
 5.12500000e+00 3.53846295e-04
 5.50000000e+00 -3.63451822e-04
 5.87500000e+00 3.97119627e-05
 6.25000000e+00 -3.47318387e-04
 6.62500000e+00 -3.59760109e-04
 7.00000000e+00 -1.57903850e-04
 7.37500000e+00 1.72823242e-04
 7.75000000e+00 5.21825461e-04
 8.12500000e+00 -1.52803582e-04
 8.50000000e+00 -1.25759623e-03
 8.87500000e+00 -1.16095061e-03
 9.25000000e+00 7.03497496e-04
 9.62500000e+00 -1.22726939e-04
 1.00000000e+01 -3.97387611e-04
