 1.00000000e+00 2.88886918e-01
 1.37500000e+00 3.10053078e-01
 1.75000000e+00 3.18112475e-01
 2.12500000e+00 3.19535101e-01
 2.50000000e+00 3.17026282e-01
 2.87500000e+00 3.13467747e-01
 3.25000000e+00 3.08157860e-01
 3.62500000e+00 3.02961240e-01
 4.00000000e+00 2.96391996e-01
 4.37500000e+00 2.91360872e-01
 4.75000000e+00 2.84845166e-01
 5.12500000e+00 2.79127927e-01
 5.50000000e+00 2.73153475e-01
 5.87500000e+00 2.67511826e-01
 6.25000000e+00 2.61715657e-01
 6.62500000e+00 2.56515025e-01
 7.00000000e+00 2.50589660e-01
 7.37500000e+00 2.45564206e-01
 7.75000000e+00 2.40547230e-01
 8.12500000e+00 2.35365298e-01
 8.50000000e+00 2.30997730e-01
 8.87500000e+00 2.26095929e-01
 9.25000000e+00 2.20822932e-01
 9.62500000e+00 2.17433194e-01
 1.00000000e+01 2.12722396e-01
