 1.00000000e+00 1.46417044e-02
 1.37500000e+00 1.22435527e-02
 1.75000000e+00 8.59124585e-03
 2.12500000e+00 4.85281189e-03
 2.50000000e+00 2.35755496e-03
 2.87500000e+00 -9.53211751e-04
 3.25000000e+00 -2.70138297e-03
 3.62500000e+00 -3.75719721e-03
 4.00000000e+00 -4.73903386e-03
 4.37500000e+00 -5.74117839e-03
 4.75000000e+00 -5.88761033e-03
 5.12500000e+00 -6.05501843e-03
 5.50000000e+00 -5.54319035e-03
 5.87500000e+00 -5.67848535e-03
 6.25000000e+00 -5.42418668e-03
 6.62500000e+00 -5.70481359e-03
 7.00000000e+00 -5.33271445e-03
 7.37500000e+00 -4.91836628e-03
 7.75000000e+00 -5.35239777e-03
 8.12500000e+00 -4.71055597e-03
 8.50000000e+00 -4.88200419e-03
 8.87500000e+00 -5.05892563e-03
 9.25000000e+00 -4.75864669e-03
 9.62500000e+00 -3.93967002e-03
 1.00000000e+01 -4.39446965e-03
