 1.00000000e+00 1.31400949e-01
 1.37500000e+00 1.35974967e-01
 1.75000000e+00 1.31636604e-01
 2.12500000e+00 1.24011347e-01
 2.50000000e+00 1.14017284e-01
 2.87500000e+00 1.04735075e-01
 3.25000000e+00 9.48670927e-02
 3.62500000e+00 8.56292192e-02
 4.00000000e+00 7.68991948e-02
 4.37500000e+00 6.85966556e-02
 4.75000000e+00 6.12368530e-02
 5.12500000e+00 5.38822993e-02
 5.50000000e+00 4.67969817e-02
 5.87500000e+00 4.06249533e-02
 6.25000000e+00 3.55471288e-02
 6.62500000e+00 2.98847742e-02
 7.00000000e+00 2.53069147e-02
 7.37500000e+00 2.05611885e-02
 7.75000000e+00 1.66980882e-02
 8.12500000e+00 1.31888962e-02
 8.50000000e+00 9.66231244e-03
 8.87500000e+00 5.88294053e-03
 9.25000000e+00 3.46293343e-03
 9.62500000e+00 7.97387897e-04
 1.00000000e+01 -1.75266213e-03
