 1.00000000e+00 2.88496862e-01
 1.37500000e+00 2.54411277e-01
 1.75000000e+00 2.22265537e-01
 2.12500000e+00 1.93968084e-01
 2.50000000e+00 1.71527098e-01
 2.87500000e+00 1.52998128e-01
 3.25000000e+00 1.36446820e-01
 3.62500000e+00 1.23527151e-01
 4.00000000e+00 1.13286290e-01
 4.37500000e+00 1.03736258e-01
 4.75000000e+00 9.62935713e-02
 5.12500000e+00 8.92759626e-02
 5.50000000e+00 8.23804619e-02
 5.87500000e+00 7.91989370e-02
 6.25000000e+00 7.40140032e-02
 6.62500000e+00 6.93332594e-02
 7.00000000e+00 6.65463188e-02
 7.37500000e+00 6.32152991e-02
 7.75000000e+00 6.05916488e-02
 8.12500000e+00 5.67621774e-02
 8.50000000e+00 5.44920820e-02
 8.87500000e+00 5.24944874e-02
 9.25000000e+00 4.98169294e-02
 9.62500000e+00 4.77189511e-02
 1.00000000e+01 4.55388964e-02
