 1.00000000e+00 7.15675882e-01
 1.37500000e+00 7.12307492e-01
 1.75000000e+00 7.04829871e-01
 2.12500000e+00 6.96296823e-01
 2.50000000e+00 6.86773510e-01
 2.87500000e+00 6.77103387e-01
 3.25000000e+00 6.67570874e-01
 3.62500000e+00 6.57656634e-01
 4.00000000e+00 6.48299313e-01
 4.37500000e+00 6.39583607e-01
 4.75000000e+00 6.29577055e-01
 5.12500000e+00 6.21397802e-01
 5.50000000e+00 6.12708183e-01
 5.87500000e+00 6.04013530e-01
 6.25000000e+00 5.95049328e-01
 6.62500000e+00 5.88560720e-01
 7.00000000e+00 5.80013416e-01
 7.37500000e+00 5.72965824e-01
 7.75000000e+00 5.63807305e-01
 8.12500000e+00 5.58753970e-01
 8.50000000e+00 5.49741041e-01
 8.87500000e+00 5.44078079e-01
 9.25000000e+00 5.36588418e-01
 9.62500000e+00 5.29030276e-01
 1.00000000e+01 5.25258274e-01
