 1.00000000e+00 5.24023619e-01
 1.37500000e+00 5.04190895e-01
 1.75000000e+00 4.81300319e-01
 2.12500000e+00 4.57652022e-01
 2.50000000e+00 4.33671580e-01
 2.87500000e+00 4.10806415e-01
 3.25000000e+00 3.88568322e-01
 3.62500000e+00 3.66648722e-01
 4.00000000e+00 3.46063407e-01
 4.37500000e+00 3.25684980e-01
 4.75000000e+00 3.07190385e-01
 5.12500000e+00 2.88630861e-01
 5.50000000e+00 2.71012328e-01
 5.87500000e+00 2.54051730e-01
 6.25000000e+00 2.37260212e-01
 6.62500000e+00 2.22037861e-01
 7.00000000e+00 2.07111360e-01
 7.37500000e+00 1.93047457e-01
 7.75000000e+00 1.79953620e-01
 8.12500000e+00 1.65854826e-01
 8.50000000e+00 1.54136079e-01
 8.87500000e+00 1.40976287e-01
 9.25000000e+00 1.28992685e-01
 9.62500000e+00 1.18913088e-01
 1.00000000e+01 1.08043358e-01
