 1.00000000e+00 3.50795351e-01
 1.37500000e+00 3.68626390e-01
 1.75000000e+00 3.73228701e-01
 2.12500000e+00 3.71986248e-01
 2.50000000e+00 3.68165904e-01
 2.87500000e+00 3.61948694e-01
 3.25000000e+00 3.55631476e-01
 3.62500000e+00 3.48679958e-01
 4.00000000e+00 3.41349560e-01
 4.37500000e+00 3.33917946e-01
 4.75000000e+00 3.27253116e-01
 5.12500000e+00 3.20114545e-01
 5.50000000e+00 3.13070100e-01
 5.87500000e+00 3.06434042e-01
 6.25000000e+00 2.99817485e-01
 6.62500000e+00 2.93463427e-01
 7.00000000e+00 2.87945530e-01
 7.37500000e+00 2.81289728e-01
 7.75000000e+00 2.74701769e-01
 8.12500000e+00 2.68540050e-01
 8.50000000e+00 2.64304215e-01
 8.87500000e+00 2.59114394e-01
 9.25000000e+00 2.52821452e-01
 9.62500000e+00 2.48538989e-01
 1.00000000e+01 2.42676779e-01
