 1.00000000e+00 1.47751410e-02
 1.37500000e+00 1.50481024e-02
 1.75000000e+00 1.37618512e-02
 2.12500000e+00 1.26056046e-02
 2.50000000e+00 1.10110077e-02
 2.87500000e+00 9.80123882e-03
 3.25000000e+00 8.77742143e-03
 3.62500000e+00 7.82275559e-03
 4.00000000e+00 6.25577047e-03
 4.37500000e+00 7.37807389e-03
 4.75000000e+00 6.19492342e-03
 5.12500000e+00 6.39267378e-03
 5.50000000e+00 5.70049381e-03
 5.87500000e+00 5.37547231e-03
 6.25000000e+00 5.23648076e-03
 6.62500000e+00 4.07550481e-03
 7.00000000e+00 4.30411337e-03
 7.37500000e+00 4.45102373e-03
 7.75000000e+00 3.20359233e-03
 8.12500000e+00 4.84730402e-03
 8.50000000e+00 4.44405150e-03
 8.87500000e+00 4.30207091e-03
 9.25000000e+00 4.52740083e-03
 9.62500000e+00 4.39710146e-03
 1.00000000e+01 2.54036916e-03
