 1.00000000e+00 4.02432409e-02
 1.37500000e+00 3.67605460e-02
 1.75000000e+00 3.08793876e-02
 2.12500000e+00 2.38039372e-02
 2.50000000e+00 1.83583495e-02
 2.87500000e+00 1.40408469e-02
 3.25000000e+00 9.28983290e-03
 3.62500000e+00 5.98248270e-03
 4.00000000e+00 3.76902532e-03
 4.37500000e+00 2.73282009e-03
 4.75000000e+00 1.16101773e-03
 5.12500000e+00 -6.56650435e-04
 5.50000000e+00 -6.95239573e-05
 5.87500000e+00 -5.55083782e-04
 6.25000000e+00 -1.21123689e-03
 6.62500000e+00 -1.59518472e-03
 7.00000000e+00 -1.15245377e-03
 7.37500000e+00 -1.57286687e-03
 7.75000000e+00 -1.05972365e-03
 8.12500000e+00 -1.37494646e-03
 8.50000000e+00 -1.57625204e-03
 8.87500000e+00 -1.67957044e-03
 9.25000000e+00 -9.82332348e-04
 9.62500000e+00 -5.40548227e-04
 1.00000000e+01 -1.66300826e-03
