 1.00000000e+00 1.77711490e-01
 1.37500000e+00 1.78653446e-01
 1.75000000e+00 1.70796778e-01
 2.12500000e+00 1.59403879e-01
 2.50000000e+00 1.46993654e-01
 2.87500000e+00 1.34388868e-01
 3.25000000e+00 1.22187121e-01
 3.62500000e+00 1.11046959e-01
 4.00000000e+00 1.00221541e-01
 4.37500000e+00 9.05213043e-02
 4.75000000e+00 8.16710665e-02
 5.12500000e+00 7.32515268e-02
 5.50000000e+00 6.55778748e-02
 5.87500000e+00 5.82983709e-02
 6.25000000e+00 5.16817421e-02
 6.62500000e+00 4.55145109e-02
 7.00000000e+00 3.99093661e-02
 7.37500000e+00 3.42851387e-02
 7.75000000e+00 2.92513257e-02
 8.12500000e+00 2.47572523e-02
 8.50000000e+00 1.97833712e-02
 8.87500000e+00 1.59079346e-02
 9.25000000e+00 1.23251605e-02
 9.62500000e+00 9.32114742e-03
 1.00000000e+01 5.00975863e-03
