 1.00000000e+00 5.23895749e-01
 1.37500000e+00 5.32106192e-01
 1.75000000e+00 5.31755405e-01
 2.12500000e+00 5.26405474e-01
 2.50000000e+00 5.19583956e-01
 2.87500000e+00 5.12122030e-01
 3.25000000e+00 5.03852018e-01
 3.62500000e+00 4.95165528e-01
 4.00000000e+00 4.86970653e-01
 4.37500000e+00 4.78621857e-01
 4.75000000e+00 4.70326273e-01
 5.12500000e+00 4.61643661e-01
 5.50000000e+00 4.54064317e-01
 5.87500000e+00 4.46430890e-01
 6.25000000e+00 4.38171509e-01
 6.62500000e+00 4.31566291e-01
 7.00000000e+00 4.24394488e-01
 7.37500000e+00 4.17705875e-01
 7.75000000e+00 4.11333081e-01
 8.12500000e+00 4.03802058e-01
 8.50000000e+00 3.95802180e-01
 8.87500000e+00 3.90288294e-01
 9.25000000e+00 3.85314281e-01
 9.62500000e+00 3.78446406e-01
 1.00000000e+01 3.71291404e-01
