 1.00000000e+00 1.31319732e-01
 1.37500000e+00 1.16866686e-01
 1.75000000e+00 1.01297440e-01
 2.12500000e+00 8.80211407e-02
 2.50000000e+00 7.76815825e-02
 2.87500000e+00 6.91478602e-02
 3.25000000e+00 6.20217181e-02
 3.62500000e+00 5.53597493e-02
 4.00000000e+00 5.05134788e-02
 4.37500000e+00 4.67357314e-02
 4.75000000e+00 4.27915471e-02
 5.12500000e+00 3.90868453e-02
 5.50000000e+00 3.68532490e-02
 5.87500000e+00 3.55420968e-02
 6.25000000e+00 3.30163533e-02
 6.62500000e+00 3.13751728e-02
 7.00000000e+00 2.99859981e-02
 7.37500000e+00 2.74259573e-02
 7.75000000e+00 2.66909554e-02
 8.12500000e+00 2.57340040e-02
 8.50000000e+00 2.41332218e-02
 8.87500000e+00 2.34320580e-02
 9.25000000e+00 2.32870582e-02
 9.62500000e+00 2.14089578e-02
 1.00000000e+01 2.17901136e-02
