 1.00000000e+00 1.77515079e-01
 1.37500000e+00 1.62056541e-01
 1.75000000e+00 1.42250062e-01
 2.12500000e+00 1.22493764e-01
 2.50000000e+00 1.03558704e-01
 2.87500000e+00 8.74673039e-02
 3.25000000e+00 7.29827642e-02
 3.62500000e+00 6.11759943e-02
 4.00000000e+00 5.15316431e-02
 4.37500000e+00 4.47708585e-02
 4.75000000e+00 3.92720269e-02
 5.12500000e+00 3.49125327e-02
 5.50000000e+00 3.16018747e-02
 5.87500000e+00 2.89298807e-02
 6.25000000e+00 2.64438958e-02
 6.62500000e+00 2.54326089e-02
 7.00000000e+00 2.37755215e-02
 7.37500000e+00 2.14213439e-02
 7.75000000e+00 2.00910022e-02
 8.12500000e+00 1.86436939e-02
 8.50000000e+00 1.73249552e-02
 8.87500000e+00 1.69579423e-02
 9.25000000e+00 1.63254552e-02
 9.62500000e+00 1.60721525e-02
 1.00000000e+01 1.54334902e-02
