 1.00000000e+00 3.36041804e-01
 1.37500000e+00 3.28764955e-01
 1.75000000e+00 3.14485798e-01
 2.12500000e+00 2.96651565e-01
 2.50000000e+00 2.78818903e-01
 2.87500000e+00 2.60581141e-01
 3.25000000e+00 2.42904467e-01
 3.62500000e+00 2.25809253e-01
 4.00000000e+00 2.09405078e-01
 4.37500000e+00 1.93875887e-01
 4.75000000e+00 1.79640518e-01
 5.12500000e+00 1.65633491e-01
 5.50000000e+00 1.52985503e-01
 5.87500000e+00 1.40133013e-01
 6.25000000e+00 1.28226982e-01
 6.62500000e+00 1.17088313e-01
 7.00000000e+00 1.06722874e-01
 7.37500000e+00 9.69574493e-02
 7.75000000e+00 8.71008780e-02
 8.12500000e+00 7.88055283e-02
 8.50000000e+00 7.01807768e-02
 8.87500000e+00 6.12742257e-02
 9.25000000e+00 5.47825525e-02
 9.62500000e+00 4.77149770e-02
 1.00000000e+01 4.07125952e-02
