 -1.00000000e+00 -1.00000000e+00
 -9.90001198e-01 -9.90100249e-01
 -9.71198317e-01 -9.71329432e-01
 -9.52406743e-01 -9.52604669e-01
 -9.33606422e-01 -9.34076194e-01
 -9.14795031e-01 -9.15157054e-01
 -8.95964857e-01 -8.96467394e-01
 -8.77206563e-01 -8.77160896e-01
 -8.58405194e-01 -8.59234412e-01
 -8.39565910e-01 -8.39770155e-01
 -8.20815038e-01 -8.20844822e-01
 -8.01995932e-01 -8.02863574e-01
 -7.83222941e-01 -7.83409989e-01
 -7.64431414e-01 -7.64693657e-01
 -7.45614099e-01 -7.46188415e-01
 -7.26850961e-01 -7.27216332e-01
 -7.07833954e-01 -7.08115332e-01
 -6.89191110e-01 -6.89529954e-01
 -6.70308340e-01 -6.71547413e-01
 -6.51656543e-01 -6.50151574e-01
 -6.32766462e-01 -6.32587886e-01
 -6.14018417e-01 -6.14741405e-01
 -5.95327191e-01 -5.93272703e-01
 -5.76399857e-01 -5.75628776e-01
 -5.57608356e-01 -5.56470357e-01
 -5.38908705e-01 -5.39315435e-01
 -5.19959241e-01 -5.21574524e-01
 -5.01172192e-01 -5.00514906e-01
 -4.82259231e-01 -4.81470286e-01
 -4.63417578e-01 -4.62563524e-01
 -4.44881291e-01 -4.44377245e-01
 -4.26141946e-01 -4.25349206e-01
 -4.07069113e-01 -4.06130812e-01
 -3.88539093e-01 -3.87745757e-01
 -3.69696050e-01 -3.68154662e-01
 -3.50669757e-01 -3.51163986e-01
 -3.31962316e-01 -3.33754374e-01
 -3.13114497e-01 -3.10775939e-01
 -2.94408351e-01 -2.95650469e-01
 -2.75656704e-01 -2.76087097e-01
 -2.56932391e-01 -2.53387757e-01
 -2.37956967e-01 -2.38571719e-01
 -2.19235128e-01 -2.19450586e-01
 -2.00338095e-01 -1.99377679e-01
 -1.81399806e-01 -1.81892404e-01
 -1.62855924e-01 -1.60103873e-01
 -1.43932019e-01 -1.43434429e-01
 -1.25360753e-01 -1.22832904e-01
 -1.06383685e-01 -1.05313968e-01
 -8.73087389e-02 -8.54980050e-02
 -6.89071324e-02 -6.84008185e-02
 -5.00857558e-02 -4.66616127e-02
 -8.56165564e-05 5.69867525e-05
 4.99594425e-02 5.33972574e-02
 6.88193603e-02 6.91868358e-02
 8.75111550e-02 8.95322371e-02
 1.06625068e-01 1.08015761e-01
 1.25246691e-01 1.25640873e-01
 1.43886369e-01 1.50210921e-01
 1.62748254e-01 1.62047254e-01
 1.81423741e-01 1.82658960e-01
 2.00502761e-01 2.03059590e-01
 2.19226903e-01 2.20530748e-01
 2.38057491e-01 2.38499264e-01
 2.56642519e-01 2.56258513e-01
 2.75601769e-01 2.77533725e-01
 2.94413032e-01 3.00672802e-01
 3.13174955e-01 3.14405551e-01
 3.31896329e-01 3.34718784e-01
 3.50889516e-01 3.51960150e-01
 3.69636955e-01 3.70792030e-01
 3.88344127e-01 3.88659664e-01
 4.07068428e-01 4.13659779e-01
 4.25990828e-01 4.23467859e-01
 4.44822115e-01 4.43047317e-01
 4.63565833e-01 4.66871049e-01
 4.82364416e-01 4.82588749e-01
 5.01264955e-01 4.97935742e-01
 5.19871251e-01 5.17472468e-01
 5.38847369e-01 5.38386915e-01
 5.57660588e-01 5.54555086e-01
 5.76366987e-01 5.75952807e-01
 5.95096275e-01 5.94574137e-01
 6.13939925e-01 6.12950899e-01
 6.32699353e-01 6.35815006e-01
 6.51613968e-01 6.57979546e-01
 6.70393074e-01 6.70379533e-01
 6.89188559e-01 6.90365790e-01
 7.07995857e-01 7.09121313e-01
 7.26842561e-01 7.30003462e-01
 7.45600111e-01 7.51565392e-01
 7.64430600e-01 7.67801396e-01
 7.83161826e-01 7.82213059e-01
 8.02072872e-01 8.04663681e-01
 8.20805166e-01 8.22190776e-01
 8.39598060e-01 8.41911975e-01
 8.58408029e-01 8.59350293e-01
 8.77204824e-01 8.77008646e-01
 8.95990664e-01 8.99153005e-01
 9.14790564e-01 9.13556756e-01
 9.33611376e-01 9.33375353e-01
 9.52388371e-01 9.52779605e-01
 9.71195692e-01 9.70511664e-01
 9.89996318e-01 9.90404248e-01
 1.00000000e+00 1.00000000e+00
