 -1.00000000e+00 -1.00000000e+00
 -9.90000065e-01 -9.92897430e-01
 -9.71201109e-01 -9.79912056e-01
 -9.52395348e-01 -9.65815368e-01
 -9.33596817e-01 -9.50614418e-01
 -9.14804566e-01 -9.34435358e-01
 -8.96030602e-01 -9.17388234e-01
 -8.77203301e-01 -8.99397800e-01
 -8.58390048e-01 -8.80681141e-01
 -8.39570184e-01 -8.61177334e-01
 -8.20817391e-01 -8.40943400e-01
 -8.02004154e-01 -8.20094508e-01
 -7.83190872e-01 -7.98438889e-01
 -7.64356686e-01 -7.76113832e-01
 -7.45566181e-01 -7.53181946e-01
 -7.26795390e-01 -7.29597085e-01
 -7.08049245e-01 -7.05388771e-01
 -6.89194943e-01 -6.80451482e-01
 -6.70425671e-01 -6.54972775e-01
 -6.51461181e-01 -6.28728672e-01
 -6.32804868e-01 -6.01966520e-01
 -6.13995490e-01 -5.74568494e-01
 -5.95250801e-01 -5.46467535e-01
 -5.76417145e-01 -5.17793193e-01
 -5.57590308e-01 -4.88387368e-01
 -5.38809435e-01 -4.58318675e-01
 -5.20026655e-01 -4.27409730e-01
 -5.01117856e-01 -3.96138287e-01
 -4.82496283e-01 -3.64138311e-01
 -4.63606780e-01 -3.31268629e-01
 -4.44794605e-01 -2.97838265e-01
 -4.26110783e-01 -2.63490944e-01
 -4.07270908e-01 -2.28394556e-01
 -3.88441073e-01 -1.92674816e-01
 -3.69626333e-01 -1.56176050e-01
 -3.50785594e-01 -1.18739008e-01
 -3.32049733e-01 -8.06556364e-02
 -3.13156683e-01 -4.16153048e-02
 -2.94324179e-01 -1.73793221e-03
 -2.75585352e-01 3.89536050e-02
 -2.56769299e-01 8.06108274e-02
 -2.37990818e-01 1.23175510e-01
 -2.19248907e-01 1.66669848e-01
 -2.00454594e-01 2.11017042e-01
 -1.81555847e-01 2.56342998e-01
 -1.62819719e-01 3.02840451e-01
 -1.44125584e-01 3.50126466e-01
 -1.25265436e-01 3.98161430e-01
 -1.06379494e-01 4.47211264e-01
 -8.76444457e-02 4.96928324e-01
 -6.87370330e-02 5.47490158e-01
 -5.00419534e-02 5.97786835e-01
 2.17230434e-04 7.14074650e-01
 5.01161310e-02 7.65913543e-01
 6.88320432e-02 7.76330435e-01
 8.75349566e-02 7.84367489e-01
 1.06274764e-01 7.92549916e-01
 1.25160221e-01 7.98909233e-01
 1.43993721e-01 8.05471504e-01
 1.62697920e-01 8.10716381e-01
 1.81453167e-01 8.16332792e-01
 2.00375321e-01 8.21371518e-01
 2.19224167e-01 8.25424611e-01
 2.37903951e-01 8.30059569e-01
 2.56870610e-01 8.34343463e-01
 2.75608747e-01 8.38082950e-01
 2.94422569e-01 8.41866974e-01
 3.13104020e-01 8.45403321e-01
 3.31936823e-01 8.48845339e-01
 3.50753335e-01 8.51958764e-01
 3.69673106e-01 8.55105672e-01
 3.88438294e-01 8.58058644e-01
 4.07108017e-01 8.61188509e-01
 4.25872478e-01 8.63825123e-01
 4.44680000e-01 8.66689429e-01
 4.63588592e-01 8.69338806e-01
 4.82331456e-01 8.71887928e-01
 5.01288774e-01 8.74608426e-01
 5.20048471e-01 8.77136226e-01
 5.38738110e-01 8.79557430e-01
 5.57601635e-01 8.81921005e-01
 5.76352853e-01 8.84191283e-01
 5.95110447e-01 8.86540643e-01
 6.13974178e-01 8.88967016e-01
 6.32837118e-01 8.91420521e-01
 6.51563452e-01 8.93643664e-01
 6.70376297e-01 8.95864936e-01
 6.89254035e-01 8.98217918e-01
 7.07993313e-01 9.00665123e-01
 7.26795045e-01 9.03120631e-01
 7.45580650e-01 9.05120443e-01
 7.64348348e-01 9.07744008e-01
 7.83186805e-01 9.10199184e-01
 8.01994851e-01 9.12654468e-01
 8.20768327e-01 9.15506971e-01
 8.39597353e-01 9.18013254e-01
 8.58404948e-01 9.20854223e-01
 8.77197215e-01 9.24249064e-01
 8.95997855e-01 9.27607246e-01
 9.14819307e-01 9.31192529e-01
 9.33606715e-01 9.35936315e-01
 9.52409407e-01 9.41022442e-01
 9.71199076e-01 9.48609935e-01
 9.89998762e-01 9.62624821e-01
 1.00000000e+00 1.00000000e+00
