 -1.00000000e+00 -1.00000000e+00
 -9.90001294e-01 -9.90002943e-01
 -9.71206685e-01 -9.71238001e-01
 -9.52395815e-01 -9.52565053e-01
 -9.33581988e-01 -9.33988816e-01
 -9.14787977e-01 -9.15497036e-01
 -8.96002821e-01 -8.97017157e-01
 -8.77196577e-01 -8.78535790e-01
 -8.58439236e-01 -8.60038118e-01
 -8.39617775e-01 -8.41488287e-01
 -8.20849200e-01 -8.22851222e-01
 -8.02001864e-01 -8.04150642e-01
 -7.83210156e-01 -7.85495278e-01
 -7.64405042e-01 -7.66713675e-01
 -7.45518566e-01 -7.47761165e-01
 -7.26761379e-01 -7.28760227e-01
 -7.08034919e-01 -7.09868986e-01
 -6.89197201e-01 -6.90653510e-01
 -6.70374055e-01 -6.71203266e-01
 -6.51584677e-01 -6.52053635e-01
 -6.32775505e-01 -6.32720811e-01
 -6.13981448e-01 -6.13083867e-01
 -5.95347517e-01 -5.93743900e-01
 -5.76372595e-01 -5.73903589e-01
 -5.57730117e-01 -5.54155954e-01
 -5.38725766e-01 -5.34188951e-01
 -5.19870708e-01 -5.14169547e-01
 -5.01155826e-01 -4.94361251e-01
 -4.82390596e-01 -4.74227495e-01
 -4.63567959e-01 -4.54045879e-01
 -4.44796234e-01 -4.33873302e-01
 -4.25997650e-01 -4.13500919e-01
 -4.07218487e-01 -3.93320126e-01
 -3.88394773e-01 -3.72772931e-01
 -3.69506893e-01 -3.52184273e-01
 -3.50841354e-01 -3.31924279e-01
 -3.32079539e-01 -3.11419511e-01
 -3.13360124e-01 -2.91208037e-01
 -2.94279073e-01 -2.70662678e-01
 -2.75679170e-01 -2.50415107e-01
 -2.56710223e-01 -2.29748621e-01
 -2.38139288e-01 -2.09406273e-01
 -2.19195901e-01 -1.89046018e-01
 -2.00543723e-01 -1.69154697e-01
 -1.81677333e-01 -1.49179519e-01
 -1.62725205e-01 -1.29206181e-01
 -1.44010613e-01 -1.09485012e-01
 -1.25410856e-01 -8.95184221e-02
 -1.06439745e-01 -6.96328891e-02
 -8.74956784e-02 -4.94413433e-02
 -6.88634798e-02 -3.01475673e-02
 -4.99899039e-02 -1.05202165e-02
 9.47787935e-05 4.20373714e-02
 4.99149480e-02 9.36933313e-02
 6.88276608e-02 1.13193691e-01
 8.76752930e-02 1.32100270e-01
 1.06335998e-01 1.51940673e-01
 1.25035736e-01 1.71237853e-01
 1.43905441e-01 1.90608241e-01
 1.62695272e-01 2.09444454e-01
 1.81494555e-01 2.28285253e-01
 2.00465047e-01 2.47144820e-01
 2.19145066e-01 2.66008951e-01
 2.38094631e-01 2.84273069e-01
 2.56886478e-01 3.02655928e-01
 2.75552034e-01 3.20038239e-01
 2.94429419e-01 3.38311924e-01
 3.13305363e-01 3.55993292e-01
 3.32052110e-01 3.72988138e-01
 3.50810299e-01 3.89900650e-01
 3.69767598e-01 4.07286343e-01
 3.88385183e-01 4.23886286e-01
 4.07152427e-01 4.40337934e-01
 4.25904988e-01 4.56639053e-01
 4.44734188e-01 4.73196936e-01
 4.63537238e-01 4.89559507e-01
 4.82482183e-01 5.05849882e-01
 5.01171705e-01 5.22007688e-01
 5.19829113e-01 5.37853195e-01
 5.38850251e-01 5.54304315e-01
 5.57697603e-01 5.70013444e-01
 5.76400294e-01 5.85978309e-01
 5.95211157e-01 6.01780838e-01
 6.14032440e-01 6.17656511e-01
 6.32733015e-01 6.33582461e-01
 6.51558724e-01 6.49785383e-01
 6.70353054e-01 6.65914791e-01
 6.89324356e-01 6.82218916e-01
 7.08009558e-01 6.98642581e-01
 7.26795058e-01 7.14999059e-01
 7.45604456e-01 7.31806145e-01
 7.64320176e-01 7.48586011e-01
 7.83239902e-01 7.65707550e-01
 8.02007305e-01 7.83548821e-01
 8.20822162e-01 8.01395934e-01
 8.39580057e-01 8.19927774e-01
 8.58373478e-01 8.38449368e-01
 8.77212916e-01 8.58499136e-01
 8.96003750e-01 8.78780294e-01
 9.14793709e-01 9.00032715e-01
 9.33589611e-01 9.22080495e-01
 9.52398947e-01 9.45747509e-01
 9.71198244e-01 9.68885202e-01
 9.90001870e-01 9.90183180e-01
 1.00000000e+00 1.00000000e+00
