 -1.00000000e+00 -1.00000000e+00
 -9.90001596e-01 -9.90262038e-01
 -9.71199715e-01 -9.73043262e-01
 -9.52402303e-01 -9.56102153e-01
 -9.33594731e-01 -9.39080312e-01
 -9.14807809e-01 -9.21775718e-01
 -8.96019718e-01 -9.04212661e-01
 -8.77197761e-01 -8.86216326e-01
 -8.58389064e-01 -8.67930148e-01
 -8.39596171e-01 -8.49186763e-01
 -8.20805556e-01 -8.30143624e-01
 -8.02007020e-01 -8.10640981e-01
 -7.83230265e-01 -7.90823644e-01
 -7.64387786e-01 -7.70628429e-01
 -7.45594502e-01 -7.49907437e-01
 -7.26741395e-01 -7.28882255e-01
 -7.08031711e-01 -7.07483589e-01
 -6.89207088e-01 -6.85652687e-01
 -6.70444369e-01 -6.63415873e-01
 -6.51617366e-01 -6.40803858e-01
 -6.32757103e-01 -6.17679192e-01
 -6.13921614e-01 -5.94224341e-01
 -5.95252110e-01 -5.70541170e-01
 -5.76412837e-01 -5.46126017e-01
 -5.57527739e-01 -5.21393413e-01
 -5.38830811e-01 -4.96410845e-01
 -5.19972524e-01 -4.70877452e-01
 -5.01178648e-01 -4.44752766e-01
 -4.82313855e-01 -4.18394793e-01
 -4.63688480e-01 -3.91692036e-01
 -4.44788446e-01 -3.64540390e-01
 -4.26060793e-01 -3.36836689e-01
 -4.07013996e-01 -3.08679489e-01
 -3.88495655e-01 -2.80451552e-01
 -3.69630762e-01 -2.51532313e-01
 -3.50682036e-01 -2.22094277e-01
 -3.32127961e-01 -1.92677258e-01
 -3.13097089e-01 -1.62426946e-01
 -2.94438876e-01 -1.32047373e-01
 -2.75564071e-01 -1.01157335e-01
 -2.56933586e-01 -7.01821239e-02
 -2.38128417e-01 -3.85029341e-02
 -2.19201266e-01 -6.67403020e-03
 -2.00435316e-01 2.50805490e-02
 -1.81658507e-01 5.74512055e-02
 -1.62818257e-01 8.96889647e-02
 -1.43982496e-01 1.21557825e-01
 -1.25155846e-01 1.53450955e-01
 -1.06340373e-01 1.84666204e-01
 -8.74794863e-02 2.15013241e-01
 -6.88294526e-02 2.43757646e-01
 -5.00041931e-02 2.70109886e-01
 1.13140316e-04 3.35736851e-01
 4.99521736e-02 4.03868743e-01
 6.87593622e-02 4.27550917e-01
 8.76995267e-02 4.48763757e-01
 1.06382632e-01 4.66646667e-01
 1.25223101e-01 4.83610500e-01
 1.43975816e-01 4.99192199e-01
 1.62843130e-01 5.13498089e-01
 1.81621565e-01 5.27155937e-01
 2.00338586e-01 5.39469072e-01
 2.19088541e-01 5.51932034e-01
 2.37888922e-01 5.63119170e-01
 2.56878883e-01 5.73842998e-01
 2.75628489e-01 5.84455273e-01
 2.94309780e-01 5.94187997e-01
 3.13099147e-01 6.03824080e-01
 3.31989516e-01 6.13280274e-01
 3.50894645e-01 6.22065467e-01
 3.69625451e-01 6.30896796e-01
 3.88299327e-01 6.39015139e-01
 4.07157549e-01 6.47466491e-01
 4.25996575e-01 6.55294742e-01
 4.45005317e-01 6.63312504e-01
 4.63602975e-01 6.70468361e-01
 4.82272533e-01 6.77972398e-01
 5.01163816e-01 6.85367564e-01
 5.19906628e-01 6.92283133e-01
 5.38830249e-01 7.00090252e-01
 5.57667434e-01 7.07091907e-01
 5.76536097e-01 7.14259047e-01
 5.95189928e-01 7.20609791e-01
 6.14051799e-01 7.27827986e-01
 6.32835294e-01 7.34485961e-01
 6.51551038e-01 7.41177452e-01
 6.70447734e-01 7.47855344e-01
 6.89330185e-01 7.55211880e-01
 7.08020148e-01 7.62249793e-01
 7.26762436e-01 7.69157343e-01
 7.45594674e-01 7.76686948e-01
 7.64384138e-01 7.83543240e-01
 7.83262008e-01 7.91839166e-01
 8.02016984e-01 7.99768633e-01
 8.20780001e-01 8.07550150e-01
 8.39628276e-01 8.16601494e-01
 8.58392780e-01 8.25718240e-01
 8.77199059e-01 8.35674090e-01
 8.95991411e-01 8.46593778e-01
 9.14804425e-01 8.58961878e-01
 9.33590751e-01 8.73580821e-01
 9.52401863e-01 8.91210177e-01
 9.71202081e-01 9.15785857e-01
 9.90001884e-01 9.58835384e-01
 1.00000000e+00 1.00000000e+00
